PROV	NAME	FYB	FYE	FC_DATE	MAC	CBSAGEO	MCR_TYPE	CR_IND	Multicamp_IND	maincamp_name1	offcamp_name1	offcamp_name2	offcamp_name3	offcamp_name4	maincamp_county	offcamp_county1	offcamp_county2	offcamp_county3	offcamp_county4	maincamp_st	offcamp_st1	offcamp_st2	offcamp_st3	offcamp_st4	maincamp_zip	offcamp_zip1	offcamp_zip2	offcamp_zip3	offcamp_zip4	maincamp_cbsa	offcamp_cbsa1	offcamp_cbsa2	offcamp_cbsa3	offcamp_cbsa4	maincamp_FTE	offcamp_FTE1	offcamp_FTE2	offcamp_FTE3	offcamp_FTE4	IIWG1	IIWG2	IIWG3	IIWG4	IIWG4_01	IIWG5	IIWG6	IIWG7	IIWG7_01	IIWG8	IIWG9	IIWG10	IIWG11	IIWG12	IIWG13	IIWG14	IIWG14_01	IIWG14_02	IIWG15	IIWG16	IIWG17	IIWG19	IIWG20	IIWG21	IIWG22	IIWG22_01	IIWG23	IIWG24	IIWG25	IIWG25_50	IIWG25_51	IIWG25_52	IIWG25_53	IIWG26	IIWG27	IIWG28	IIWG29	IIWG30	IIWG31	IIWG32	IIWG33	IIWG34	IIWG35	IIWG36	IIWG37	IIWG38	IIWG39	IIWG40	IIWG41	IIWG42	IIWG43	IIHR1	IIHR2	IIHR3	IIHR4	IIHR4_01	IIHR5	IIHR6	IIHR7	IIHR7_01	IIHR8	IIHR9	IIHR10	IIHR11	IIHR12	IIHR13	IIHR14	IIHR14_01	IIHR14_02	IIHR15	IIHR16	IIHR26	IIHR27	IIHR28	IIHR29	IIHR30	IIHR31	IIHR32	IIHR33	IIHR34	IIHR35	IIHR36	IIHR37	IIHR38	IIHR39	IIHR40	IIHR41	IIHR42	IIHR43	IIIWG1	IIIWG2	IIIWG3	IIIWG4	IIIWG5	IIIWG6	IIIWG7	IIIHR1	IIIHR2	IIIHR3	IIIHR4	IIIHR5	IIIHR6	IIIHR7	IVWG8	IVWG8_01	IVWG8_02	IVWG8_03	IVWG9	IVWG10
010138	HILL HOSPITAL OF SUMTER COUNTY	20160101	20161231	20181114	10001	01	1	N	N																										0	0	0	0	0	1805418	0	0	0	0	120280	109982	0	0	0	0	110693	0	0	0	0	0	0	0	0	112865	8531	0	0	0	0	9270	8476	0	0	0	0	0	26786	258947	0	0	48162	0	54541	0	58691	0	0	0	56087	0	0	42278	0	0	112195	0	0	0	0	1240	2072	0	0	0	0	6672	0	0	0	0	0	0	0	0	1681.5	17582.5	0	0	3760.75	0	5937.75	0	6413.5	0	0	0	2117.25	0	0	4423.75	0	0	1575156	110693	1464463	0	112865	1577328	545492	108883	6672	102211	0	0	102211	41917	0	0	0	0	0	0
030120	GILBERT HOSPITAL	20160101	20161231	20181012	03001	38060	1	N	N																										0	0	0	0	0	8797038	0	0	0	0	0	0	0	0	0	0	0	679448	0	0	0	0	0	0	0	1145942	0	0	0	0	0	0	0	0	0	0	0	0	6301	5609731	0	0	46947	0	105132	0	44554	0	0	0	108213	0	164330	33922	0	0	231199	0	0	0	0	0	0	0	0	0	0	0	10395	0	0	0	0	0	0	0	2066	37979	0	0	4582	0	15662	0	3332	0	0	0	5153	0	9985	13700	0	0	8797038	0	8797038	679448	1145942	10622428	6119130	231199	0	231199	10395	0	241594	92459	0	0	289873	0	0	86333
030132	FLORENCE HOSPITAL AT ANTHEM	20160101	20161231	20181213	03001	38060	1	N	N																										0	0	0	0	0	8471711	0	0	0	0	0	0	0	0	0	0	0	439500	0	0	0	0	0	0	0	843024	0	0	0	0	0	0	0	0	0	0	0	0	0	5768474	0	0	68061	0	74403	0	20936	0	0	0	0	0	88691	124662	0	0	331928	0	0	0	0	0	0	0	0	0	0	0	5956	0	0	0	0	0	0	0	0	133420	0	0	6712	0	11723	0	846	0	0	0	0	0	4191	13700	0	0	8471711	0	8471711	439500	843024	9754235	6145227	331928	0	331928	5956	0	337884	170592	0	85219	0	0	0	19226
040050	OUACHITA COUNTY MEDICAL CENTER	20151001	20160930	20181114	07001	04	1	N	N																										0	0	0	0	0	15217976	0	0	18130	0	230068	47986	0	0	0	0	3298043	0	0	592193	0	0	0	0	0	1711092	464479	0	0	1627	0	21907	9490	0	0	0	0	0	122647	1568896	219721	520275	0	57965	349538	0	129734	0	153292	0	734005	124978	0	197124	0	0	830921	0	0	208	0	3573.05	4383	0	0	0	0	192580.38	0	0	2623	0	0	0	0	0	6518.43	97936.25	1326	29471.56	0	6459.39	39139.26	0	12898.9	0	15241	0	28245.68	11947	0	15669.97	0	0	15159643	3298043	11861600	592193	1712719	14166512	4178175	824290.95	192580.38	631710.57	2623	0	634333.57	264853.44	0	0	0	1053788	0	16354
040132	LEO N LEVI MEMORIAL HOSPITAL	20160101	20161231	20170421	07001	26300	1	N	N																										0	0	0	0	0	4345455	0	0	0	0	0	0	0	0	0	0	1693170	17714	0	173280	0	0	0	0	0	333657	487096	0	0	0	0	0	0	0	0	0	0	0	0	699919	40236	182488	0	0	90555	0	92489	0	61802	0	0	12955	0	187620	0	0	214326	0	0	0	0	0	0	0	0	0	0	87081.08	680	0	1103	0	0	0	0	0	0	27802	203.9	12159	0	0	7778	0	7709.99	0	5151.93	0	0	696.88	0	11047	0	0	4385691	1693170	2692521	190994	333657	3217172	1368064	214529.9	87081.08	127448.82	1783	0	129231.82	72548.7	463252	0	0	0	0	31822
050110	LOMPOC VALLEY MEDICAL CENTER	20160701	20170630	20181031	01011	42200	1	N	N																										0	0	0	0	0	37244650	0	0	0	0	0	0	0	0	0	6807813	2061123	1161449	0	0	0	0	0	0	0	6449190	2015719	0	0	0	0	0	0	0	0	0	0	0	165446	4897110	0	300541	81620	9743	898967	0	693435	0	562769	0	1418513	156418	748715	735068	0	0	1214145	0	0	0	0	0	0	0	0	0	257870	83627	15840	0	0	0	0	0	0	0	5273	146037	0	20473	1394	660	59107	0	38475	0	30972	0	26223	8392	20912	32244	0	0	37244650	8868936	28375714	1161449	6449190	35986353	10668345	1214145	341497	872648	15840	0	888488	390162	0	0	0	3652750	0	164736
050189	MEE MEMORIAL HOSPITAL	20151001	20160930	20181204	01011	41500	1	N	N																										0	0	0	0	0	26988475	0	0	0	0	1672975	447179	0	0	0	1141992	78070	1839307	0	0	0	0	0	0	0	7779907	401381	0	0	0	0	550383	147115	0	0	0	0	0	249212	3723306	0	739188	0	0	74232	0	57321	0	14759	0	1324844	176827	543416	449982	86989	0	761744	0	0	0	0	12498	4952	0	0	0	40616	2174	26341	0	0	0	0	0	0	0	7134	109172	0	20598	0	0	4659	0	3631	0	935	0	22064	7858	10891	20310	4657	0	24868321	1220062	23648259	1839307	7779907	33267473	7440076	744294	42790	701504	26341	0	727845	211909	0	0	5066354	0	353391	279641
050742	OLYMPIA	20160101	20161231	20181115	01011	31084	1	N	N																										0	0	0	0	0	37020378	0	0	0	0	0	0	0	0	0	0	59647	1458392	0	0	0	0	0	0	0	10761450	17367	0	0	0	0	0	0	0	0	0	0	0	241615	4095815	0	0	709306	0	906558	0	831177	0	0	0	850293	0	0	1832823	186003	0	1729190	0	0	0	0	0	0	0	0	0	0	1721	23850	0	0	0	0	0	0	0	8851	166613	0	0	33961	0	106763	0	45093	0	0	0	24397	0	0	58942	4771	0	37020378	59647	36960731	1458392	10761450	49180573	9653590	1729190	1721	1727469	23850	0	1751319	449391	0	0	6208093	0	0	0
050769	HOAG ORTHOPEDIC INSTITUTE	20160701	20170630	20181104	01011	11244	1	N	N																										0	0	0	0	0	1	0	0	0	0	0	0	0	0	0	0	0	24749808	2970569	0	0	0	0	0	0	742222	0	0	0	0	0	0	0	0	0	0	0	0	1	0	0	0	0	0	0	571501	0	564684	0	0	0	0	0	0	0	0	1	0	0	0	0	0	0	0	0	0	0	0	523125	48257	0	0	0	0	0	0	0	0	0	0	0	0	0	31880	0	32490	0	0	0	0	0	0	0	0	1136186	0	1136186	27720377	742222	29598785	1136186	64371	0	64371	571382	0	635753	64370	0	0	0	0	0	0
050781	SONOMA WEST MEDICAL CENTER	20160701	20170630	20181112	01011	42220	1	N	N																										0	0	0	0	0	11796779	0	0	0	0	0	0	0	0	0	0	0	0	0	0	0	0	0	0	0	1503019	0	0	0	0	0	0	0	0	0	0	0	0	301218	2007703	0	0	282473	0	238770	0	258907	0	0	0	255761	0	386583	43460	0	0	334691	0	0	0	0	0	0	0	0	0	0	0	0	0	0	0	0	0	0	0	8206	62105	0	0	8822	0	15849	0	13739	0	0	0	5365	0	9372	1625	0	0	11796779	0	11796779	0	1503019	13299798	3774875	334691	0	334691	0	0	334691	125083	0	0	0	749463	0	0
100050	LARKIN COMMUNITY HOSPITAL PALM SPRIN	20160201	20161231	20181115	09001	33124	1	N	N																										0	0	0	0	0	24957083	0	0	0	0	0	0	493278	0	0	0	0	0	0	0	0	0	0	0	0	3468265	0	0	0	0	0	0	0	70059	0	0	0	0	171347	2845232	0	0	803847	0	624030	0	240081	0	551443	0	739736	152449	1106427	386225	40437	0	1213088	0	0	0	0	0	0	14387.38	0	0	0	0	0	0	0	0	0	0	0	0	8738.71	126648.5	0	0	54176.25	0	67980.33	0	31383	0	7170.5	0	23642.53	9637.25	49863.98	19106.15	1692.25	0	24463805	0	24463805	0	3468265	27932070	7661254	1198700.62	0	1198700.62	0	0	1198700.62	400039.45	0	0	1490063	0	0	0
100081	HEALTHMARK REGIONAL MED CTR	20151001	20160930	20181112	09001	18880	1	N	N																										0	0	0	0	0	4548622	0	102050	0	0	226009	71143	0	0	0	0	218358	0	0	0	0	0	0	0	0	566980	31524	0	14711	0	0	33298	10245	0	0	0	0	0	0	1029329	0	0	65174	0	58707	0	117009	0	0	0	68188	156	119269	214937	0	0	252684.05	0	1914.8	0	0	3646.83	4911.77	0	0	0	0	10713.25	0	0	0	0	0	0	0	0	0	66607.1	0	0	5889.25	0	5921.5	0	11789.75	0	0	0	2855.9	10.5	2858.5	17570.12	0	0	4149420	218358	3931062	0	566980	4498042	1672769	242210.65	10713.25	231497.4	0	0	231497.4	113502.62	0	0	228563	0	0	0
100277	"MIAMI JEWISH HEALTH SYSTEMS, INC."	20160701	20170630	20181115	09001	33124	1	N	N																										0	0	0	0	0	28864489	0	0	0	0	1555864	0	0	0	0	13418016	171581	0	0	0	0	0	0	0	0	4423345	4381466	0	0	0	0	501616	0	0	0	0	0	0	0	7026224	0	0	775749	0	0	1430981	0	3534585	0	0	2682746	354562	0	201536	604882	470460	1517500	0	0	0	0	12576	0	0	0	0	795684	4544	0	0	0	0	0	0	0	0	0	191861.5	0	0	43465.75	0	0	130548.5	0	248944.5	0	0	78245.25	19322	0	12261.75	25128.75	36591.25	32274191	13589597	18684594	0	4423345	23107939	17081725	1884417	800228	1084189	0	0	1084189	786369.25	0	0	2280330	0	0	38802
100298	FLORIDA STATE HOSPITAL	20160701	20170630	20181115	09001	45220	1	N	N																										0	0	0	0	0	53929258	0	0	0	0	5406325	0	0	0	0	0	31956238	0	0	0	0	0	0	0	0	7391208	14717842	0	0	0	0	2726998	0	0	0	0	0	0	0	2846929	0	0	3862350	0	0	186336	1812209	0	0	0	0	621990	1235647	467511	1053003	0	3473600	0	0	0	0	45730.34	0	0	0	0	0	2242240	0	0	0	0	0	0	0	0	0	141440	0	0	216320	0	0	15240	180960	0	0	0	0	47840	45760	39520	70720	0	48709269	31956238	16753031	0	7391208	24144239	12085975	3443109.66	2242240	1200869.66	0	0	1200869.66	757800	0	15206608	0	0	0	0
100322	REGIONAL GENERAL HOSPITAL	20160901	20170831	20180222	09001	10	1	N	N																										0	0	0	0	0	2706750	0	0	0	0	0	0	0	0	0	0	105691	0	0	0	0	0	0	0	0	369279	15005	0	0	0	0	0	0	0	0	0	0	0	0	453285	0	0	70328	0	79115	0	81759	0	0	0	68683	0	0	62394	0	0	143893	0	0	0	0	0	0	0	0	0	0	7897	0	0	0	0	0	0	0	0	0	25766	0	0	5195	0	6629	0	7001	0	0	0	2121	0	0	5429	0	0	2706750	105691	2601059	0	369279	2970338	815564	143893	7897	135996	0	0	135996	52141	150059	0	0	0	0	0
110190	FLINT RIVER COMMUNITY HOSPITAL	20160101	20161231	20181114	10001	11	1	N	N																										0	0	0	0	0	3664340	0	0	0	0	286033	109787	0	0	0	0	1603323	127069	203402	0	0	0	0	0	0	273089	262942	0	0	0	0	46909	18005	0	0	0	0	0	33414	398528	71591	0	54414	0	85859	0	204984	0	0	0	451779	48259	0	52404	0	0	172344.69	0	0	0	0	2141	8173.64	0	0	0	0	63946.94	2080	2080	0	0	0	0	0	0	1936.95	18509.63	274.5	0	2320.7	0	9219.28	0	17885.39	0	0	0	19592.15	3117.47	0	3833.87	0	0	3340111	1603323	1736788	330471	273089	2340348	1401232	162304.55	63946.94	98357.61	4160	0	102517.61	76689.94	0	0	0	178139	0	44570
110236	CORNERSTONE MEDICAL CENTER	20160512	20161231	20181114	10001	16860	1	N	N																										0	0	0	0	0	4581409	0	0	0	0	0	0	0	0	0	0	0	31241	0	0	0	0	0	0	0	242295	0	0	0	0	0	0	0	0	0	0	0	0	0	823018	380986	0	501846	0	149249	0	0	67188	0	0	188772	73776	204794	42584	0	0	170453.76	0	0	0	0	0	0	0	0	0	0	0	582.48	0	0	0	0	0	0	0	0	27729.57	1636.3	0	25583.59	0	12840.99	0	0	4142	0	0	5260.25	3821.25	4414.5	2617	0	0	5029583	0	5029583	31241	242295	5303119	2432213	176232.06	0	176232.06	582.48	0	176814.54	88045.45	0	0	0	190642	0	0
150172	PHYSICIANS MEDICAL CENTER	20160101	20161231	20190311	08001	31140	1	N	N																										0	0	0	0	0	8478664	0	0	0	0	0	0	0	0	0	0	24926	65565	0	0	0	0	0	0	0	1784961	5279	0	0	0	0	0	0	0	0	0	0	0	0	1325761	0	0	104267	0	6695	0	0	15600	0	0	126981	243752	0	0	0	0	358800	0	0	0	0	0	0	0	0	0	0	131	1106.5	0	0	0	0	0	0	0	0	76053	0	0	4160	0	416	0	0	312	0	0	1944	16640	0	0	0	0	8494264	24926	8469338	65565	1784961	10319864	1823056	359112	131	358981	1106.5	0	360087.5	99525	0	0	0	1036685	0	0
180021	PINEVILLE COMMUNITY HOSPITAL	20160701	20170630	20181207	15101	18	1	N	N																										0	0	0	0	0	11789022	0	0	0	0	0	0	0	0	0	789956	2964021	0	0	0	0	0	0	0	0	1524133	757731	0	0	0	0	92874	0	0	0	0	0	0	0	869999	0	0	309038	0	459407	0	235683	0	0	0	177568	0	0	373147	0	0	617084	0	0	0	0	0	0	0	0	0	43988	154635	0	0	0	0	0	0	0	0	0	52138	0	0	21428	0	33392	0	22955	0	0	0	7114	0	0	23033	0	0	11789022	3753977	8035045	0	1524133	9559178	2424842	617084	198623	418461	0	0	418461	160060	0	1398330	0	0	0	0
190140	FRANKLIN MEDICAL CENTER	20160501	20170430	20190301	07001	19	1	N	N																										0	0	0	0	0	12891778	0	0	0	0	2545405	856995	0	0	0	0	1991423	0	0	680602	0	0	0	0	0	622492	165363	0	0	0	0	211279	71176	0	0	0	0	0	96765	1441300	0	220080	0	0	41035	0	0	390833	0	0	370590	71754	381345	319088	0	0	472275	0	0	0	0	20566	45904	0	0	0	0	42305	0	0	6460	0	0	0	0	0	4966.75	70205.29	0	13098.51	0	0	5192.72	0	0	35040	0	0	10216.5	6091.75	9451.9	29853.25	0	0	9880211	1991423	7888788	680602	622492	9191882	3332790	440845	42305	398540	6460	0	405000	184116.67	0	0	0	0	0	0
190199	VILLA FELICIANA MEDICAL COMPLEX	20160701	20170630	20171220	07001	12940	1	N	N																										0	0	0	0	0	8945979	0	0	0	0	0	0	0	0	0	5765228	221704	0	0	0	0	0	0	0	0	1898346	3440822	0	0	0	0	0	0	0	0	0	0	0	214820	657594	0	304402	175889	0	380726	0	50939	0	0	0	321622	20634	0	96453	189198	197129	426202	0	0	0	0	0	0	0	0	0	225153	2080	0	0	0	0	0	0	0	0	9639	28053	0	14628	11186	0	36286	0	2080	0	0	0	8451	2080	0	4440	8040	12421	8945979	5986932	2959047	0	1898346	4857393	2609406	426202	227233	198969	0	0	198969	137304	0	0	980840	0	0	0
190300	ST. CHARLES SURGICAL HOSPITAL	20160101	20161231	20181107	07001	35380	1	N	N																										0	0	0	0	0	3312830	0	0	0	0	0	0	0	0	0	0	0	0	0	0	0	0	0	0	0	954681	0	0	0	0	0	0	0	0	0	0	0	0	0	0	594779	0	167710	0	74253	100167	21975	356526	0	0	33068	0	0	90706	0	0	1	0	0	0	0	0	0	0	0	0	0	0	0	0	0	0	0	0	0	0	0	0	25649	0	4554	0	6481	1560	1913	4672	0	0	1720	0	0	4190	0	0	4364302	0	4364302	0	954681	5318983	1439184	31882	0	31882	0	0	31882	50739	0	0	0	454848	0	29929
190302	OMEGA HOSPITAL LLC	20160101	20161231	20170621	07001	35380	1	N	N																										0	0	0	0	0	3387309	0	0	0	0	0	0	0	0	0	0	0	40243	0	0	0	0	0	0	0	547253	0	0	0	0	0	0	0	0	0	0	0	0	0	532179	321620	70852	0	0	71562	0	0	0	0	0	0	44021	0	12913	0	0	97005.31	0	0	0	0	0	0	0	0	0	0	0	757.77	0	0	0	0	0	0	0	0	15539.65	1921.16	4003.88	0	0	5817.53	0	0	0	0	0	0	2030.5	0	814.75	0	0	3708929	0	3708929	40243	547253	4296425	1053147	98926.47	0	98926.47	757.77	0	99684.24	30127.47	0	0	0	0	0	0
220062	ADCARE HOSPITAL OF WORCESTER	20151001	20160930	20181101	05901	49340	1	N	N																										0	0	0	0	0	17074375	0	0	0	0	0	0	0	0	0	0	0	129639	37833	0	0	1461631	0	0	0	3192861	0	0	0	0	0	0	0	0	100140	0	0	0	177835	2751951	230430	360289	0	0	533428	59177	390500	120719	134163	0	706447	0	0	340548	305932	0	710819	0	0	0	0	0	0	0	0	0	0	0	2507	601	0	0	15290	0	0	0	8137	141312	1427	12824	0	0	35672	3833	26720	3101	9180	0	15965	0	0	14537	7710	0	17484701	0	17484701	1629103	3293001	22406805	6111419	719180	0	719180	18398	0	737578	280418	0	0	0	1377381	0	27524
230013	PONTIAC GENERAL HOSPITAL	20160101	20161231	20181107	08001	47664	1	N	N																										0	0	0	0	0	9200081	0	0	0	383210	0	0	877714	0	0	0	1905822	0	0	0	0	0	0	0	0	1252395	401796	0	0	0	80790	0	0	185045	0	0	0	0	133616	1154690	0	0	382458	0	0	119730	299339	0	0	0	109455	22360	363523	287569	0	0	378753	0	0	0	4205	0	0	34496	0	0	0	84310	0	0	0	0	0	0	0	0	6317	47486	0	0	16625	0	0	8257	21184	0	0	0	2728	1118	9817	13068	0	0	8058887	1905822	6153065	0	1252395	7405460	2872740	348309	84310	263999	0	0	263999	126600	0	0	671009	0	0	0
230275	HEALTHSOURCE SAGINAW	20160101	20161231	20181116	06001	40980	1	N	N																										0	0	0	0	0	23047204	0	0	0	0	1111997	0	340669	0	0	6400830	5968926	0	0	0	0	0	0	0	0	3204230	4143615	0	0	0	0	372496	0	0	0	0	0	0	0	2144984	0	473079	0	0	0	411271	1093641	416113	0	0	252448	0	773808	296323	452904	2972228	993638.49	0	0	0	0	7406.01	0	10462	0	0	334515	260962.23	0	0	0	0	0	0	0	0	0	86760.23	0	21355.34	0	0	0	44453.57	75389.31	12312	0	0	6804.39	0	21140.41	15677.61	25070.64	88653	22421922	12369756	10052166	0	3204230	13256396	9286799	1032536.05	595477.23	437058.82	0	0	437058.82	397616.5	0	0	0	3023535	128988	245904
230279	ST. JOHN BRIGHTON	20160701	20170630	20181109	08001	47664	1	N	N																										0	0	0	0	0	7442947	0	0	90870	0	1209733	0	0	0	0	0	135472	0	0	0	0	1076343	0	0	0	1884172	66883	0	0	5931	0	88257	0	0	294778	0	0	0	0	1131271	663713	0	0	0	0	323664	0	413614	0	0	0	0	0	196323	0	0	295199.8	0	0	855.88	0	12735.42	0	0	0	0	0	9643.35	0	0	0	0	19947	0	0	0	0	48259.07	14144	0	0	0	0	21900	0	21170	0	0	0	0	0	9842.06	0	0	7634205	135472	7498733	1076343	2184881	10759957	2728585	339678.38	9643.35	330035.03	19947	0	349982.03	115315.13	0	1412005	0	0	0	-16187
250049	BEACHAM MEMORIAL HOSPITAL	20160701	20170630	20181113	07001	25	1	N	N																										0	0	0	0	0	2280018	0	0	0	0	0	0	0	0	0	0	841679	0	0	0	0	0	0	0	0	101139	59195	0	0	0	0	0	0	0	0	0	0	0	0	632704	0	0	52762	4066	35138	0	50187	0	0	0	29046	0	0	0	0	0	118085.62	0	0	0	0	0	0	0	0	0	0	38399.07	0	0	0	0	0	0	0	0	0	20934.78	0	0	2080	25	4087.37	0	3654.52	0	0	0	1040	0	0	0	0	0	2280018	841679	1438339	0	101139	1539478	803903	118085.62	38399.07	79686.55	0	0	79686.55	31821.67	0	0	0	0	0	0
260113	MISSOURI DELTA MEDICAL CENTER	20151001	20160930	20190312	05901	26	1	N	N																										0	0	0	0	0	41332389	0	272045	25000	0	6422022	1964132	0	0	0	0	3619520	1581486	0	178762	0	0	0	0	0	9406842	847740	0	29805	3029	0	734797	244880	0	0	0	0	0	196745	4641239	1719524	168818	543140	186931	540518	167939	0	615894	0	0	991640	111932	922531	460451	214110	0	1490455	0	1785.9	217	0	31644.5	34509.43	0	0	0	0	105791.86	15203.87	0	1360.53	0	0	0	0	0	9359.3	230011.41	45966.9	12427.05	24328.45	18575.05	51479.88	18662.97	0	50681.61	0	0	32125.25	8008.88	29929.96	31395.82	8966.99	0	35177547	3619520	31558027	1760248	9409871	42728146	11481412	1537826.65	105791.86	1432034.79	16564.4	0	1448599.19	571919.52	0	0	6716243	0	1215843	0
290056	MOUNTAINS EDGE HOSPITAL	20151117	20161031	20181029	01011	29820	1	N	N																										0	0	0	0	0	10590707	0	0	0	0	0	0	0	0	0	0	0	0	0	0	0	0	0	0	0	1532875	0	0	0	0	0	0	0	0	0	0	0	0	0	821917	0	0	98245	0	0	1352650	345208	0	0	0	491495	56896	0	79697	44117	0	353844	0	0	0	0	0	0	0	0	0	0	0	0	0	0	0	0	0	0	0	0	26210	0	0	4035	0	0	66820	19656	0	0	0	11125	3210	0	3476	1222	0	11943357	0	11943357	0	1532875	13476232	3290225	420664	0	420664	0	0	420664	135754	0	0	160352	0	0	0
320067	GUADALUPE COUNTY HOSPITAL	20160701	20170630	20190117	04011	32	1	N	N											GU															0	0	0	0	0	2148538	0	0	1125119	0	0	0	0	0	0	0	278594	4675	51193	0	0	0	0	0	0	514085	76591	0	0	0	0	0	0	0	0	0	0	0	0	392068	0	0	112365	0	0	0	41831	0	0	0	75311	0	0	75068	0	0	110897.05	0	0	6975	0	0	0	0	0	0	0	8284.75	55	479.75	0	0	0	0	0	0	0	14566.25	0	0	7241.48	0	0	0	3233	0	0	0	2072.5	0	0	4160	0	0	2148538	278594	1869944	55868	514085	2439897	696643	110897.05	8284.75	102612.3	534.75	0	103147.05	31273.23	356519	0	0	0	0	0
330403	MONROE COMMUNITY HOSPITAL	20160101	20161231	20181116	13001	40380	1	N	N																										0	0	0	0	0	27364451	0	0	0	0	0	0	0	0	0	13927842	57671	0	0	0	0	0	0	0	0	10411442	36294	0	0	0	0	0	0	0	0	0	0	0	255045	2619421	0	689864	392596	513054	1413822	0	1661767	0	151008	0	1377654	29963	640702	160344	548575	601156	1443401	0	0	0	0	0	0	0	0	0	632528	1040	0	0	0	0	0	0	0	0	12688	108160	0	36400	23712	40144	111072	0	131040	0	10400	0	62400	2080	19344	8528	16198	30028	27364451	13985513	13378938	0	10411442	23790380	11054971	1443401	633568	809833	0	0	809833	612194	0	0	0	0	0	0
340168	WILMINGTON TREATMENT CENTER INC	20160101	20161231	20170607	11501	48900	1	N	N																										0	0	0	0	0	5195935	0	0	0	0	515761	0	0	0	0	0	366680	0	0	0	0	0	0	0	0	965840	82105	0	0	0	0	115486	0	0	0	0	0	0	0	1050000	0	123796	0	0	83918	0	121394	0	0	0	0	0	0	251063	0	0	274900.47	0	0	0	0	7697.14	0	0	0	0	0	19786.91	0	0	0	0	0	0	0	0	0	54144.63	0	6233	0	0	9799.58	0	11179.54	0	0	0	0	0	0	17925.64	0	0	4680174	366680	4313494	0	965840	5279334	1630171	267203.33	19786.91	247416.42	0	0	247416.42	99282.39	655077	0	0	0	0	9960
340189	CONTINUECARE HOSPITAL AT UNIVERSITY	20151222	20160630	20181114	11001	16740	1	N	N																										0	0	0	0	0	515450	0	0	0	0	0	0	0	0	0	0	0	0	0	0	0	0	0	0	0	180024	0	0	0	0	0	0	0	0	0	0	0	0	0	0	0	0	0	0	0	241768	0	195894	0	0	0	0	0	0	0	0	14867	0	0	0	0	0	0	0	0	0	0	0	0	0	0	0	0	0	0	0	0	0	0	0	0	0	0	18963.53	0	11855.65	0	0	0	0	0	0	0	0	953112	0	953112	0	180024	1133136	437662	45686.18	0	45686.18	0	0	45686.18	30819.18	0	0	0	103745	0	3082
360212	LAKEWOOD HOSPITAL	20160101	20160206	20181107	15201	17460	1	N	N																										0	0	0	0	0	4118122	0	0	0	0	650041	0	0	0	0	121416	171945	15020	0	0	0	611269	0	0	0	1787476	80392	0	0	0	0	180182	0	0	182302	0	0	0	85540	192620	19371	87008	44172	2477	99239	0	16301	132663	0	0	170490	23516	212680	0	98942	0	113877	0	0	0	0	7434	0	0	0	0	3623	5355	510	0	0	0	18999	0	0	0	1794	4767	86	3209	1531	186	6292	0	735	8169	0	0	2765	1475	5155	0	3197	0	3620115	293361	3326754	626289	1969778	5922821	1185019	114698	8978	105720	19509	0	125229	39361	0	0	491098	0	0	8868
360247	PARKSIDE BEHAVIORAL HEALTHCARE	20160101	20161231	20180514	15201	18140	1	N	N																										0	0	0	0	0	3616112	0	0	0	0	0	0	0	0	0	0	0	0	0	28000	0	0	0	0	0	778892	0	0	0	0	0	0	0	0	0	0	0	0	0	820321	0	0	104084	0	72794	0	167961	0	0	0	82132	0	0	105029	0	0	207062	0	0	0	0	0	0	0	0	0	0	0	0	0	552	0	0	0	0	0	0	45785	0	0	6259	0	6143	0	13573	0	0	0	2707	0	0	6019	0	0	3616112	0	3616112	28000	778892	4423004	1352321	207062	0	207062	552	0	207614	80486	0	0	372563	0	0	0
370057	MUSCOGEE CREEK NATION MED CENTER	20151001	20160930	20181107	04011	46140	1	N	N																										0	0	0	0	0	11127767	0	0	0	0	0	0	0	0	0	0	3060229	0	0	0	0	0	0	0	0	617174	234100	0	0	0	0	0	0	0	0	0	0	0	99982	937288	0	0	232236	0	51140	0	255807	0	0	0	288744	24625	207313	607745	0	0	454060.65	0	0	0	0	0	0	0	0	0	0	93845.43	0	0	0	0	0	0	0	0	4700.23	59371.9	0	0	12517.48	0	4624.42	0	20602.79	0	0	0	8138.16	2286.17	5816.59	16268.5	0	0	11127767	3060229	8067538	0	617174	8684712	2704880	454060.65	93845.43	360215.22	0	0	360215.22	134326.24	0	586704	0	0	0	0
370072	LATIMER COUNTY GENERAL HOSPITAL	20160701	20170630	20181102	04011	37	1	N	N																										0	0	0	0	0	1935169	0	0	0	0	0	0	0	0	0	0	0	0	0	0	0	0	0	0	0	1	0	0	0	0	0	0	0	0	0	0	0	0	0	212291	0	25765	0	0	35053	0	36422	0	0	0	143100	20044	36351	63509	0	0	86680.26	0	0	0	0	0	0	0	0	0	0	0	0	0	0	0	0	0	0	0	0	11985	0	1658	0	0	3437	0	3384	0	0	0	2888	1738	2241	4372	0	0	1935169	0	1935169	0	1	1935170	572535	86680.26	0	86680.26	0	0	86680.26	31703	0	0	0	0	0	0
370112	SEQUOYAH MEMORIAL HOSPITAL	20160401	20170331	20181115	04011	22900	1	N	N																										0	0	0	0	0	5949592	0	0	0	0	214217	0	0	0	0	0	964606	40232	0	0	0	0	0	0	0	850685	170828	0	0	0	0	32137	0	0	0	0	0	0	92931	781973	110974	0	59939	0	129258	0	72735	0	23226	0	81075	59271	676	155126	0	0	328523	0	0	0	0	685.5	0	0	0	0	0	37696.21	536.43	0	0	0	0	0	0	0	6099.12	52100.58	630.12	0	2939	0	16313.49	0	4658.83	0	5525.59	0	2078.95	2216.22	3099.45	20612.35	0	0	5846349	964606	4881743	40232	850685	5772660	1567184	328467.62	37696.21	290771.41	536.43	0	291307.84	116273.7	0	0	0	473143	0	0
370156	PAULS VALLEY GENERAL HOSPITAL	20160701	20170630	20181105	04011	37	1	N	N																										0	0	0	0	0	6954981	0	0	0	0	0	0	0	0	0	0	1705360	0	0	0	0	0	0	0	0	528802	171783	0	0	0	0	0	0	0	0	0	0	0	66040	259305	0	0	160447	0	170905	0	42769	0	99864	0	180266	45078	86589	67631	60519	0	322498.35	0	0	0	0	0	0	0	0	0	0	52969.68	0	0	0	0	0	0	0	0	2081.31	14103.36	0	0	12186.59	0	15899.24	0	3347.54	0	7816.33	0	3983.83	3726.58	3907.7	4100.81	2021.32	0	6954981	1705360	5249621	0	528802	5778423	1239413	322498.35	52969.68	269528.67	0	0	269528.67	73174.61	0	0	0	0	0	0
370169	EPIC MEDICAL CENTER	20160101	20160524	20181113	07001	37	1	N	N																										0	0	0	0	0	941567	0	0	0	0	217691	0	0	0	0	0	0	2500	0	0	0	0	0	0	0	64384	0	0	0	0	0	19363	0	0	0	0	0	0	0	121011	8000	0	23178	0	9093	0	1928	0	0	0	33559	0	12682	8566	0	0	35647	0	0	0	0	824	0	0	0	0	0	0	10	0	0	0	0	0	0	0	0	9760	120	0	1774	0	1076	0	120	0	0	0	812	0	829	846	0	0	731876	0	731876	2500	64384	798760	218017	34943	0	34943	10	0	34953	15337	0	0	0	0	0	0
370233	PINNACLE SPECIALTY HOSPITAL	20160101	20161231	20181005	04011	46140	1	N	N																										0	0	0	0	0	1072224	0	0	0	0	0	0	0	0	0	0	0	0	0	0	0	0	0	0	0	88931	0	0	0	0	0	0	0	0	0	0	0	0	0	341689	0	0	0	0	0	22240	0	12928	0	0	0	0	0	0	0	0	39552.18	0	0	0	0	0	0	0	0	0	0	0	0	0	0	0	0	0	0	0	0	11002.47	0	0	0	0	0	1708	0	800	0	0	0	0	0	0	0	0	1107392	0	1107392	0	88931	1196323	376857	42060.18	0	42060.18	0	0	42060.18	13510.47	0	0	0	0	0	0
390025	KENSINGTON HOSPITAL	20160701	20170630	20181109	12001	37964	1	N	N																										0	0	0	0	0	4256175	0	0	0	0	0	0	0	0	0	0	0	0	0	0	0	0	0	0	0	820190	0	0	0	0	0	0	0	0	0	0	0	0	0	721656	0	0	107346	0	98793	0	245644	0	0	0	355353	0	153910	128967	0	0	210331	0	0	0	0	0	0	0	0	0	0	0	0	0	0	0	0	0	0	0	0	24120	0	0	11190	0	10024	0	10729	0	0	0	22184	0	5720	8211	0	0	4256175	0	4256175	0	820190	5076365	1811669	210331	0	210331	0	0	210331	92178	0	410095	0	0	0	0
420066	LAKE CITY COMMUNITY HOSPITAL	20160701	20170630	20181114	11001	22500	1	N	N																										0	0	0	0	0	9710590	0	0	0	0	1593487	1611843	0	0	0	0	11467	0	0	18000	0	0	0	0	0	651769	1171	0	0	0	0	162752	176105	0	0	0	0	0	110551	1216276	217562	0	198842	0	221378	0	239221	27189	0	0	100254	51674	305071	244253	0	0	416707	0	0	0	0	12965	48561.76	0	0	0	0	520	0	0	168	0	0	0	0	0	4659	68370	2227	0	9298	0	23358	0	19989	449	0	0	2580	3973	8445	14789	0	0	6750011	11467	6738544	18000	651769	7408313	2932271	357856.24	520	357336.24	168	0	357504.24	158137	0	0	371109	0	0	0
420069	CLARENDON MEMORIAL HOSPITAL	20151001	20160712	20181105	11001	42	1	N	N																										0	0	0	0	0	26215339	0	0	0	0	4774091	1516308	0	0	0	0	4862919	676585	0	404161	0	0	0	0	0	2190076	707087	0	0	0	0	694171	220477	0	0	0	0	0	300927	2327611	210920	0	184786	0	389073	0	304052	0	0	0	480414	122458	730023	585249	83432	0	1030433	0	0	0	0	45173.52	49519.74	0	0	0	0	168180	12376	0	2311	0	0	0	0	0	12289	94910	1128	0	16080	0	40144	0	30564	0	0	0	14082	7594	19916	25185	3945	0	20135860	4862919	15272941	1080746	2190076	18543763	5718945	936867.74	168180	768687.74	14687	0	783374.74	265837	0	1345381	0	0	0	0
440051	MCNAIRY REGIONAL HOSPITAL	20160201	20160517	20181107	05901	44	1	N	N																										0	0	0	0	0	2187003	0	0	0	0	198997	206233	0	0	0	0	0	0	0	0	0	0	0	0	0	398400	0	0	0	0	0	11942	115069	0	0	0	0	0	52561	302919	0	0	28542	0	38589	0	20369	0	7370	0	207052	24916	74749	41236	0	0	65164	0	0	0	0	1120	6126	0	0	0	0	0	0	0	0	0	0	0	0	0	692	10017	0	0	938	0	2748	0	1315.16	0	475.84	0	4427	1066	1384	2590	0	0	1781773	0	1781773	0	398400	2180173	798303	57918	0	57918	0	0	57918	25653	0	0	244744	0	0	3432
450451	GLEN ROSE MEDICAL CENTER	20151001	20160930	20181115	04011	23104	1	N	N																										0	0	0	0	0	9197792	0	0	0	0	0	0	0	0	0	0	2229208	0	0	276628	0	0	0	0	0	1851233	364192	0	0	0	0	0	0	0	0	0	0	0	0	1449702	100643	0	101864	19708	139202	0	49889	0	0	0	140195	0	0	123479	117673	0	332736	0	0	0	0	0	0	0	0	0	0	41566	0	0	8760	0	0	0	0	0	0	76022	747	0	11957	1494	15670	0	1004	0	0	0	2994	0	0	6366	3159	0	9298435	2229208	7069227	276628	1851233	9197088	2242355	333483	41566	291917	8760	0	300677	119413	0	0	0	1419610	0	0
450469	WILSON N JONES REGIONAL MED CENTER	20160101	20161231	20190215	04011	43300	1	N	N																										0	0	0	0	0	26979539	0	0	0	0	0	0	0	0	0	0	1251282	103541	0	73770	0	0	0	0	0	3246146	157950	0	0	0	0	0	0	0	0	0	0	0	97540	3140053	0	0	864761	0	626747	0	316754	0	0	0	1306895	380224	1030066	396738	0	0	1233424	0	0	0	0	0	0	0	0	0	0	78831	1535	0	417	0	0	0	0	0	7119	159289	0	0	58126	0	52413	0	22120	0	0	0	40633	23893	27506	22095	0	0	26979539	1251282	25728257	177311	3246146	29151714	8159778	1233424	78831	1154593	1952	0	1156545	413194	0	0	0	0	0	0
450803	DOCTORS HOSPITAL TIDWELL	20160101	20161231	20170621	04011	26420	1	N	N																										0	0	0	0	0	9946028	0	0	0	0	0	0	0	0	0	0	0	0	0	0	0	0	0	0	0	216458	0	0	0	0	0	0	0	0	0	0	0	0	135851	576603	0	0	178587	0	69053	0	257645	0	0	0	417961	106384	566755	538818	0	0	427767	0	0	0	0	0	0	0	0	0	0	0	0	0	0	0	0	0	0	0	6473	21076	0	0	7430	0	8391	0	18327	0	0	0	11822	4914	18674	10532	3641	40945	9946028	0	9946028	0	216458	10162486	2847657	427767	0	427767	0	0	427767	152225	743190	0	0	0	0	0
450831	VISTA MEDICAL CENTER HOSPITAL	20160901	20170831	20181113	04011	26420	1	N	N																										0	0	0	0	0	3627150	0	0	0	0	0	0	0	0	0	0	0	5785	0	650189	0	0	0	0	0	560567	0	0	0	0	0	0	0	0	0	0	0	0	0	634159	20066	0	93907	0	140843	0	109565	0	0	0	92112	0	0	80646	0	0	117294	0	0	0	0	0	0	0	0	0	0	0	65	0	8646	0	0	0	0	0	0	16490	67	0	7144	0	12448	0	5416	0	0	0	2024	0	0	4134	0	0	3647216	0	3647216	655974	560567	4863757	1171298	117361	0	117361	8711	0	126072	47723	0	0	0	255515	0	0
450877	FOUNDATION SURGICAL HOSPITAL EL PASO	20160101	20161231	20181113	04011	21340	1	N	N																										0	0	0	0	0	8535097	0	0	0	0	0	0	0	0	1779689	0	745	0	0	0	0	0	0	0	0	1955334	196	0	0	0	0	0	0	0	0	0	0	0	98753	1093724	0	0	210260	0	39893	0	387346	0	0	0	676707	304311	0	0	0	0	452795	0	0	0	0	0	0	0	0	49463	0	10	0	0	0	0	0	0	0	0	4147	77718	0	0	13907	0	2566	0	14094	0	0	0	16434	18480	0	0	0	0	6755408	745	6754663	0	1955334	8709997	2810994	403332	10	403322	0	0	403322	147346	0	0	0	853050	0	49427
490104	HIRAM W DAVIS MEDICAL CENTER - MS	20160701	20170630	20181115	11301	40060	1	N	N																										0	0	0	0	0	45266924	0	0	2588	0	9155	0	0	0	0	3734514	23292896	0	0	0	0	0	0	0	0	10040336	10999039	0	0	778	0	2595	0	0	0	0	0	0	0	3866547	0	1906895	0	162547	1069782	0	915144	0	0	0	1910226	106061	840382	799082	1340717	2370429	1726138.8	0	0	29	0	231	0	0	0	0	112941.66	611980.22	0	0	0	0	0	0	0	0	0	159453.04	0	112805.09	0	26704.56	103714.53	0	110889.76	0	0	0	78603.22	6093.9	24778.79	45342.89	49346.49	61589.29	45257769	27027410	18230359	0	10041114	28271473	15287812	1725907.8	724921.88	1000985.92	0	0	1000985.92	779321.56	0	0	0	9249635	0	0
490129	CAPITAL HOSPICE	20160101	20161231	20170524	11301	47894	1	N	N																										0	0	0	0	0	21324267	0	0	0	0	0	0	0	0	0	0	20931761	0	0	0	0	0	0	0	0	4860853	4771382	0	0	0	0	0	0	0	0	0	0	0	0	0	0	0	305299	0	0	0	75196	0	12011	0	0	0	0	0	0	0	728464	0	0	0	0	0	0	0	0	0	0	715056	0	0	0	0	0	0	0	0	0	0	0	0	18689	0	0	0	8276	0	1322	0	0	0	0	0	0	0	21324267	20931761	392506	0	4860853	6850895	392506	728464	715056	13408	0	0	13408	28287	1909128	0	0	0	0	83035
510086	WELCH COMMUNITY HOSPITAL	20160701	20170630	20181113	11401	51	1	N	N																										0	0	0	0	0	8926186	0	0	0	0	236420	232999	0	0	0	0	1065797	0	0	0	0	0	0	0	0	3792635	546908	0	0	0	0	121318	119562	0	0	0	0	0	0	1336350	0	293848	0	0	386383	0	232130	0	0	0	459539	50728	0	298841	98083	0	601970.89	0	0	0	0	3096.75	15639.27	0	0	0	0	88474.11	0	0	0	0	0	0	0	0	0	97355.22	0	21134.7	0	0	40435.3	0	24178.57	0	0	0	20683.59	4317.5	0	24192.47	5100.75	0	8456767	1065797	7390970	0	3792635	11183605	3155902	583234.87	88474.11	494760.76	0	0	494760.76	237398.1	0	0	0	2097319	0	0
520195	COLUMBIA CENTER	20160701	20170630	20180510	06001	33340	1	N	N																										0	0	0	0	0	3049926	0	842044	0	0	0	0	0	0	0	0	0	0	0	0	0	0	0	0	0	533652	0	0	203522	0	0	0	0	0	0	0	0	0	0	355558	0	0	0	0	0	0	0	0	0	0	0	0	0	0	0	0	67255	0	9801	0	0	0	0	0	0	0	0	0	0	0	0	0	0	0	0	0	0	11178	0	0	0	0	0	0	0	0	0	0	0	0	0	0	0	0	2207882	0	2207882	0	533652	2741534	355558	57454	0	57454	0	0	57454	11178	308766	0	0	0	0	17654
670010	MAYHILL HOSPITAL	20160101	20161231	20181115	04011	19124	1	N	N																										0	0	0	0	0	5003935	0	0	0	0	0	0	0	0	0	0	2400915	0	0	0	0	347821	0	0	0	539940	498007	0	0	0	0	0	0	0	76558	0	0	0	48904	1092799	0	0	83817	0	74164	0	163107	0	0	0	798645	0	0	106751	0	0	197774	0	0	0	0	0	0	0	0	0	0	110918	0	0	0	0	3031	0	0	0	2111	41222	0	0	3931	0	6151	0	9064	0	0	0	22069	0	0	3553	0	0	5003935	2400915	2603020	347821	616498	3567339	2368187	197774	110918	86856	3031	0	89887	88101	0	0	455711	0	0	34202
670083	TEXAS GENERAL HOSPITAL	20160101	20161231	20181108	04011	19124	1	N	N																										0	0	0	0	0	13045307	0	0	0	0	0	0	0	0	0	0	328	0	0	0	0	0	0	0	0	1914092	48	0	0	0	0	0	0	0	0	0	0	0	105749	2591027	0	0	450388	0	244858	0	286618	0	0	0	0	257363	0	236453	0	0	1304530.7	0	0	0	0	0	0	0	0	0	0	32.8	0	0	0	0	0	0	0	0	10574.9	259102.7	0	0	45038.8	0	24485.8	0	28661.8	0	0	0	0	25736.3	0	23645.3	0	0	13045307	328	13044979	0	1914092	14959071	4172456	1304530.7	32.8	1304497.9	0	0	1304497.9	417245.6	0	0	507887	0	0	0
670093	"ASPIRE HOSPITAL, LLC"	20160101	20161231	20181115	04011	26420	1	N	N																										0	0	0	0	0	4302897	0	0	0	0	0	0	0	0	0	0	1402274	0	0	106224	0	0	0	0	0	436275	210922	0	0	0	0	0	0	0	0	0	0	0	0	689701	67118	0	36002	0	36406	0	7054	0	0	0	0	0	0	68102	355045	0	161907	0	0	0	0	0	0	0	0	0	0	44708.7	0	0	708.16	0	0	0	0	0	0	30683.02	436.11	0	2081.7	0	3087.95	0	154.82	0	0	0	0	0	0	2066.47	13615.19	0	4370015	1402274	2967741	106224	436275	3510240	1259428	162343.11	44708.7	117634.41	708.16	0	118342.57	52125.26	0	0	0	253724	0	0
670095	EMERUS COMMUNITY HOSPITAL	20160101	20161231	20181031	04011	26420	1	N	N																										0	0	0	0	0	1813471	0	0	48330	0	0	0	0	0	0	0	0	12648	0	0	0	0	0	0	0	311920	0	0	0	9885	0	0	0	0	0	0	0	0	0	349693	7281	0	0	0	0	75576	0	6029	0	0	0	0	0	0	0	0	54733	0	0	2080	0	0	0	0	0	0	0	0	237.5	0	0	0	0	0	0	0	0	13167	31	0	0	0	0	5192	0	92.75	0	0	0	0	0	0	0	0	1902357	0	1902357	12648	321805	2236810	438579	60048.75	0	60048.75	237.5	0	60286.25	18482.75	0	0	114459	0	0	0
670099	"APOLLO HOSPITAL SYSTEMS, LP"	20160101	20161231	20181112	04011	26420	1	N	N																										0	0	0	0	0	8150121	0	0	0	0	0	0	0	0	0	0	0	195577	0	0	0	0	0	0	0	1275269	0	0	0	0	0	0	0	0	0	0	0	0	99865	1016453	0	126591	0	0	0	47235	67863	35715	0	0	231766	83610	239161	41682	0	0	273005	0	0	0	0	0	0	0	0	0	0	0	7833	0	0	0	0	0	0	0	0	0	0	0	0	0	0	3245	0	2270	0	0	0	0	0	0	0	0	8233071	0	8233071	195577	1275269	9703917	1989941	278520	0	278520	7833	0	286353	5515	0	0	0	546444	0	0
